straight:
Kp: 0.001890
Ki :0.000000
KD :0.000019

angle:
Kp: 0.000764
Ki :0.000000
KD :0.000007

turn:
Kp: 0.002680
Ki :0.000000
KD :0.000089